
The value of N is 8


The Haar Matrix is as follows-
0.353553	0.353553	0.353553	0.353553	0.353553	0.353553	0.353553	0.353553	
0.353553	0.353553	0.353553	0.353553	-0.353553	-0.353553	-0.353553	-0.353553	
0.500000	0.500000	-0.500000	-0.500000	0.000000	0.000000	0.000000	0.000000	
0.000000	0.000000	0.000000	0.000000	0.500000	0.500000	-0.500000	-0.500000	
0.707107	-0.707107	0.000000	0.000000	0.000000	0.000000	0.000000	0.000000	
0.000000	0.000000	0.707107	-0.707107	0.000000	0.000000	0.000000	0.000000	
0.000000	0.000000	0.000000	0.000000	0.707107	-0.707107	0.000000	0.000000	
0.000000	0.000000	0.000000	0.000000	0.000000	0.000000	0.707107	-0.707107	

The Transpose Matrix is as follows-
0.353553	0.353553	0.500000	0.000000	0.707107	0.000000	0.000000	0.000000	
0.353553	0.353553	0.500000	0.000000	-0.707107	0.000000	0.000000	0.000000	
0.353553	0.353553	-0.500000	0.000000	0.000000	0.707107	0.000000	0.000000	
0.353553	0.353553	-0.500000	0.000000	0.000000	-0.707107	0.000000	0.000000	
0.353553	-0.353553	0.000000	0.500000	0.000000	0.000000	0.707107	0.000000	
0.353553	-0.353553	0.000000	0.500000	0.000000	0.000000	-0.707107	0.000000	
0.353553	-0.353553	0.000000	-0.500000	0.000000	0.000000	0.000000	0.707107	
0.353553	-0.353553	0.000000	-0.500000	0.000000	0.000000	0.000000	-0.707107	

Basis Image: 1
255.000000	255.000000	255.000000	255.000000	255.000000	255.000000	255.000000	255.000000	
255.000000	255.000000	255.000000	255.000000	255.000000	255.000000	255.000000	255.000000	
255.000000	255.000000	255.000000	255.000000	255.000000	255.000000	255.000000	255.000000	
255.000000	255.000000	255.000000	255.000000	255.000000	255.000000	255.000000	255.000000	
255.000000	255.000000	255.000000	255.000000	255.000000	255.000000	255.000000	255.000000	
255.000000	255.000000	255.000000	255.000000	255.000000	255.000000	255.000000	255.000000	
255.000000	255.000000	255.000000	255.000000	255.000000	255.000000	255.000000	255.000000	
255.000000	255.000000	255.000000	255.000000	255.000000	255.000000	255.000000	255.000000	

Basis Image: 2
255.000000	255.000000	255.000000	255.000000	0.000000	0.000000	0.000000	0.000000	
255.000000	255.000000	255.000000	255.000000	0.000000	0.000000	0.000000	0.000000	
255.000000	255.000000	255.000000	255.000000	0.000000	0.000000	0.000000	0.000000	
255.000000	255.000000	255.000000	255.000000	0.000000	0.000000	0.000000	0.000000	
255.000000	255.000000	255.000000	255.000000	0.000000	0.000000	0.000000	0.000000	
255.000000	255.000000	255.000000	255.000000	0.000000	0.000000	0.000000	0.000000	
255.000000	255.000000	255.000000	255.000000	0.000000	0.000000	0.000000	0.000000	
255.000000	255.000000	255.000000	255.000000	0.000000	0.000000	0.000000	0.000000	

Basis Image: 3
255.000000	255.000000	0.000000	0.000000	150.000000	150.000000	150.000000	150.000000	
255.000000	255.000000	0.000000	0.000000	150.000000	150.000000	150.000000	150.000000	
255.000000	255.000000	0.000000	0.000000	150.000000	150.000000	150.000000	150.000000	
255.000000	255.000000	0.000000	0.000000	150.000000	150.000000	150.000000	150.000000	
255.000000	255.000000	0.000000	0.000000	150.000000	150.000000	150.000000	150.000000	
255.000000	255.000000	0.000000	0.000000	150.000000	150.000000	150.000000	150.000000	
255.000000	255.000000	0.000000	0.000000	150.000000	150.000000	150.000000	150.000000	
255.000000	255.000000	0.000000	0.000000	150.000000	150.000000	150.000000	150.000000	

Basis Image: 4
150.000000	150.000000	150.000000	150.000000	255.000000	255.000000	0.000000	0.000000	
150.000000	150.000000	150.000000	150.000000	255.000000	255.000000	0.000000	0.000000	
150.000000	150.000000	150.000000	150.000000	255.000000	255.000000	0.000000	0.000000	
150.000000	150.000000	150.000000	150.000000	255.000000	255.000000	0.000000	0.000000	
150.000000	150.000000	150.000000	150.000000	255.000000	255.000000	0.000000	0.000000	
150.000000	150.000000	150.000000	150.000000	255.000000	255.000000	0.000000	0.000000	
150.000000	150.000000	150.000000	150.000000	255.000000	255.000000	0.000000	0.000000	
150.000000	150.000000	150.000000	150.000000	255.000000	255.000000	0.000000	0.000000	

Basis Image: 5
255.000000	0.000000	150.000000	150.000000	150.000000	150.000000	150.000000	150.000000	
255.000000	0.000000	150.000000	150.000000	150.000000	150.000000	150.000000	150.000000	
255.000000	0.000000	150.000000	150.000000	150.000000	150.000000	150.000000	150.000000	
255.000000	0.000000	150.000000	150.000000	150.000000	150.000000	150.000000	150.000000	
255.000000	0.000000	150.000000	150.000000	150.000000	150.000000	150.000000	150.000000	
255.000000	0.000000	150.000000	150.000000	150.000000	150.000000	150.000000	150.000000	
255.000000	0.000000	150.000000	150.000000	150.000000	150.000000	150.000000	150.000000	
255.000000	0.000000	150.000000	150.000000	150.000000	150.000000	150.000000	150.000000	

Basis Image: 6
150.000000	150.000000	255.000000	0.000000	150.000000	150.000000	150.000000	150.000000	
150.000000	150.000000	255.000000	0.000000	150.000000	150.000000	150.000000	150.000000	
150.000000	150.000000	255.000000	0.000000	150.000000	150.000000	150.000000	150.000000	
150.000000	150.000000	255.000000	0.000000	150.000000	150.000000	150.000000	150.000000	
150.000000	150.000000	255.000000	0.000000	150.000000	150.000000	150.000000	150.000000	
150.000000	150.000000	255.000000	0.000000	150.000000	150.000000	150.000000	150.000000	
150.000000	150.000000	255.000000	0.000000	150.000000	150.000000	150.000000	150.000000	
150.000000	150.000000	255.000000	0.000000	150.000000	150.000000	150.000000	150.000000	

Basis Image: 7
150.000000	150.000000	150.000000	150.000000	255.000000	0.000000	150.000000	150.000000	
150.000000	150.000000	150.000000	150.000000	255.000000	0.000000	150.000000	150.000000	
150.000000	150.000000	150.000000	150.000000	255.000000	0.000000	150.000000	150.000000	
150.000000	150.000000	150.000000	150.000000	255.000000	0.000000	150.000000	150.000000	
150.000000	150.000000	150.000000	150.000000	255.000000	0.000000	150.000000	150.000000	
150.000000	150.000000	150.000000	150.000000	255.000000	0.000000	150.000000	150.000000	
150.000000	150.000000	150.000000	150.000000	255.000000	0.000000	150.000000	150.000000	
150.000000	150.000000	150.000000	150.000000	255.000000	0.000000	150.000000	150.000000	

Basis Image: 8
150.000000	150.000000	150.000000	150.000000	150.000000	150.000000	255.000000	0.000000	
150.000000	150.000000	150.000000	150.000000	150.000000	150.000000	255.000000	0.000000	
150.000000	150.000000	150.000000	150.000000	150.000000	150.000000	255.000000	0.000000	
150.000000	150.000000	150.000000	150.000000	150.000000	150.000000	255.000000	0.000000	
150.000000	150.000000	150.000000	150.000000	150.000000	150.000000	255.000000	0.000000	
150.000000	150.000000	150.000000	150.000000	150.000000	150.000000	255.000000	0.000000	
150.000000	150.000000	150.000000	150.000000	150.000000	150.000000	255.000000	0.000000	
150.000000	150.000000	150.000000	150.000000	150.000000	150.000000	255.000000	0.000000	

Basis Image: 9
255.000000	255.000000	255.000000	255.000000	255.000000	255.000000	255.000000	255.000000	
255.000000	255.000000	255.000000	255.000000	255.000000	255.000000	255.000000	255.000000	
255.000000	255.000000	255.000000	255.000000	255.000000	255.000000	255.000000	255.000000	
255.000000	255.000000	255.000000	255.000000	255.000000	255.000000	255.000000	255.000000	
0.000000	0.000000	0.000000	0.000000	0.000000	0.000000	0.000000	0.000000	
0.000000	0.000000	0.000000	0.000000	0.000000	0.000000	0.000000	0.000000	
0.000000	0.000000	0.000000	0.000000	0.000000	0.000000	0.000000	0.000000	
0.000000	0.000000	0.000000	0.000000	0.000000	0.000000	0.000000	0.000000	

Basis Image: 10
255.000000	255.000000	255.000000	255.000000	0.000000	0.000000	0.000000	0.000000	
255.000000	255.000000	255.000000	255.000000	0.000000	0.000000	0.000000	0.000000	
255.000000	255.000000	255.000000	255.000000	0.000000	0.000000	0.000000	0.000000	
255.000000	255.000000	255.000000	255.000000	0.000000	0.000000	0.000000	0.000000	
0.000000	0.000000	0.000000	0.000000	255.000000	255.000000	255.000000	255.000000	
0.000000	0.000000	0.000000	0.000000	255.000000	255.000000	255.000000	255.000000	
0.000000	0.000000	0.000000	0.000000	255.000000	255.000000	255.000000	255.000000	
0.000000	0.000000	0.000000	0.000000	255.000000	255.000000	255.000000	255.000000	

Basis Image: 11
255.000000	255.000000	0.000000	0.000000	150.000000	150.000000	150.000000	150.000000	
255.000000	255.000000	0.000000	0.000000	150.000000	150.000000	150.000000	150.000000	
255.000000	255.000000	0.000000	0.000000	150.000000	150.000000	150.000000	150.000000	
255.000000	255.000000	0.000000	0.000000	150.000000	150.000000	150.000000	150.000000	
0.000000	0.000000	255.000000	255.000000	150.000000	150.000000	150.000000	150.000000	
0.000000	0.000000	255.000000	255.000000	150.000000	150.000000	150.000000	150.000000	
0.000000	0.000000	255.000000	255.000000	150.000000	150.000000	150.000000	150.000000	
0.000000	0.000000	255.000000	255.000000	150.000000	150.000000	150.000000	150.000000	

Basis Image: 12
150.000000	150.000000	150.000000	150.000000	255.000000	255.000000	0.000000	0.000000	
150.000000	150.000000	150.000000	150.000000	255.000000	255.000000	0.000000	0.000000	
150.000000	150.000000	150.000000	150.000000	255.000000	255.000000	0.000000	0.000000	
150.000000	150.000000	150.000000	150.000000	255.000000	255.000000	0.000000	0.000000	
150.000000	150.000000	150.000000	150.000000	0.000000	0.000000	255.000000	255.000000	
150.000000	150.000000	150.000000	150.000000	0.000000	0.000000	255.000000	255.000000	
150.000000	150.000000	150.000000	150.000000	0.000000	0.000000	255.000000	255.000000	
150.000000	150.000000	150.000000	150.000000	0.000000	0.000000	255.000000	255.000000	

Basis Image: 13
255.000000	0.000000	150.000000	150.000000	150.000000	150.000000	150.000000	150.000000	
255.000000	0.000000	150.000000	150.000000	150.000000	150.000000	150.000000	150.000000	
255.000000	0.000000	150.000000	150.000000	150.000000	150.000000	150.000000	150.000000	
255.000000	0.000000	150.000000	150.000000	150.000000	150.000000	150.000000	150.000000	
0.000000	255.000000	150.000000	150.000000	150.000000	150.000000	150.000000	150.000000	
0.000000	255.000000	150.000000	150.000000	150.000000	150.000000	150.000000	150.000000	
0.000000	255.000000	150.000000	150.000000	150.000000	150.000000	150.000000	150.000000	
0.000000	255.000000	150.000000	150.000000	150.000000	150.000000	150.000000	150.000000	

Basis Image: 14
150.000000	150.000000	255.000000	0.000000	150.000000	150.000000	150.000000	150.000000	
150.000000	150.000000	255.000000	0.000000	150.000000	150.000000	150.000000	150.000000	
150.000000	150.000000	255.000000	0.000000	150.000000	150.000000	150.000000	150.000000	
150.000000	150.000000	255.000000	0.000000	150.000000	150.000000	150.000000	150.000000	
150.000000	150.000000	0.000000	255.000000	150.000000	150.000000	150.000000	150.000000	
150.000000	150.000000	0.000000	255.000000	150.000000	150.000000	150.000000	150.000000	
150.000000	150.000000	0.000000	255.000000	150.000000	150.000000	150.000000	150.000000	
150.000000	150.000000	0.000000	255.000000	150.000000	150.000000	150.000000	150.000000	

Basis Image: 15
150.000000	150.000000	150.000000	150.000000	255.000000	0.000000	150.000000	150.000000	
150.000000	150.000000	150.000000	150.000000	255.000000	0.000000	150.000000	150.000000	
150.000000	150.000000	150.000000	150.000000	255.000000	0.000000	150.000000	150.000000	
150.000000	150.000000	150.000000	150.000000	255.000000	0.000000	150.000000	150.000000	
150.000000	150.000000	150.000000	150.000000	0.000000	255.000000	150.000000	150.000000	
150.000000	150.000000	150.000000	150.000000	0.000000	255.000000	150.000000	150.000000	
150.000000	150.000000	150.000000	150.000000	0.000000	255.000000	150.000000	150.000000	
150.000000	150.000000	150.000000	150.000000	0.000000	255.000000	150.000000	150.000000	

Basis Image: 16
150.000000	150.000000	150.000000	150.000000	150.000000	150.000000	255.000000	0.000000	
150.000000	150.000000	150.000000	150.000000	150.000000	150.000000	255.000000	0.000000	
150.000000	150.000000	150.000000	150.000000	150.000000	150.000000	255.000000	0.000000	
150.000000	150.000000	150.000000	150.000000	150.000000	150.000000	255.000000	0.000000	
150.000000	150.000000	150.000000	150.000000	150.000000	150.000000	0.000000	255.000000	
150.000000	150.000000	150.000000	150.000000	150.000000	150.000000	0.000000	255.000000	
150.000000	150.000000	150.000000	150.000000	150.000000	150.000000	0.000000	255.000000	
150.000000	150.000000	150.000000	150.000000	150.000000	150.000000	0.000000	255.000000	

Basis Image: 17
255.000000	255.000000	255.000000	255.000000	255.000000	255.000000	255.000000	255.000000	
255.000000	255.000000	255.000000	255.000000	255.000000	255.000000	255.000000	255.000000	
0.000000	0.000000	0.000000	0.000000	0.000000	0.000000	0.000000	0.000000	
0.000000	0.000000	0.000000	0.000000	0.000000	0.000000	0.000000	0.000000	
150.000000	150.000000	150.000000	150.000000	150.000000	150.000000	150.000000	150.000000	
150.000000	150.000000	150.000000	150.000000	150.000000	150.000000	150.000000	150.000000	
150.000000	150.000000	150.000000	150.000000	150.000000	150.000000	150.000000	150.000000	
150.000000	150.000000	150.000000	150.000000	150.000000	150.000000	150.000000	150.000000	

Basis Image: 18
255.000000	255.000000	255.000000	255.000000	0.000000	0.000000	0.000000	0.000000	
255.000000	255.000000	255.000000	255.000000	0.000000	0.000000	0.000000	0.000000	
0.000000	0.000000	0.000000	0.000000	255.000000	255.000000	255.000000	255.000000	
0.000000	0.000000	0.000000	0.000000	255.000000	255.000000	255.000000	255.000000	
150.000000	150.000000	150.000000	150.000000	150.000000	150.000000	150.000000	150.000000	
150.000000	150.000000	150.000000	150.000000	150.000000	150.000000	150.000000	150.000000	
150.000000	150.000000	150.000000	150.000000	150.000000	150.000000	150.000000	150.000000	
150.000000	150.000000	150.000000	150.000000	150.000000	150.000000	150.000000	150.000000	

Basis Image: 19
255.000000	255.000000	0.000000	0.000000	150.000000	150.000000	150.000000	150.000000	
255.000000	255.000000	0.000000	0.000000	150.000000	150.000000	150.000000	150.000000	
0.000000	0.000000	255.000000	255.000000	150.000000	150.000000	150.000000	150.000000	
0.000000	0.000000	255.000000	255.000000	150.000000	150.000000	150.000000	150.000000	
150.000000	150.000000	150.000000	150.000000	150.000000	150.000000	150.000000	150.000000	
150.000000	150.000000	150.000000	150.000000	150.000000	150.000000	150.000000	150.000000	
150.000000	150.000000	150.000000	150.000000	150.000000	150.000000	150.000000	150.000000	
150.000000	150.000000	150.000000	150.000000	150.000000	150.000000	150.000000	150.000000	

Basis Image: 20
150.000000	150.000000	150.000000	150.000000	255.000000	255.000000	0.000000	0.000000	
150.000000	150.000000	150.000000	150.000000	255.000000	255.000000	0.000000	0.000000	
150.000000	150.000000	150.000000	150.000000	0.000000	0.000000	255.000000	255.000000	
150.000000	150.000000	150.000000	150.000000	0.000000	0.000000	255.000000	255.000000	
150.000000	150.000000	150.000000	150.000000	150.000000	150.000000	150.000000	150.000000	
150.000000	150.000000	150.000000	150.000000	150.000000	150.000000	150.000000	150.000000	
150.000000	150.000000	150.000000	150.000000	150.000000	150.000000	150.000000	150.000000	
150.000000	150.000000	150.000000	150.000000	150.000000	150.000000	150.000000	150.000000	

Basis Image: 21
255.000000	0.000000	150.000000	150.000000	150.000000	150.000000	150.000000	150.000000	
255.000000	0.000000	150.000000	150.000000	150.000000	150.000000	150.000000	150.000000	
0.000000	255.000000	150.000000	150.000000	150.000000	150.000000	150.000000	150.000000	
0.000000	255.000000	150.000000	150.000000	150.000000	150.000000	150.000000	150.000000	
150.000000	150.000000	150.000000	150.000000	150.000000	150.000000	150.000000	150.000000	
150.000000	150.000000	150.000000	150.000000	150.000000	150.000000	150.000000	150.000000	
150.000000	150.000000	150.000000	150.000000	150.000000	150.000000	150.000000	150.000000	
150.000000	150.000000	150.000000	150.000000	150.000000	150.000000	150.000000	150.000000	

Basis Image: 22
150.000000	150.000000	255.000000	0.000000	150.000000	150.000000	150.000000	150.000000	
150.000000	150.000000	255.000000	0.000000	150.000000	150.000000	150.000000	150.000000	
150.000000	150.000000	0.000000	255.000000	150.000000	150.000000	150.000000	150.000000	
150.000000	150.000000	0.000000	255.000000	150.000000	150.000000	150.000000	150.000000	
150.000000	150.000000	150.000000	150.000000	150.000000	150.000000	150.000000	150.000000	
150.000000	150.000000	150.000000	150.000000	150.000000	150.000000	150.000000	150.000000	
150.000000	150.000000	150.000000	150.000000	150.000000	150.000000	150.000000	150.000000	
150.000000	150.000000	150.000000	150.000000	150.000000	150.000000	150.000000	150.000000	

Basis Image: 23
150.000000	150.000000	150.000000	150.000000	255.000000	0.000000	150.000000	150.000000	
150.000000	150.000000	150.000000	150.000000	255.000000	0.000000	150.000000	150.000000	
150.000000	150.000000	150.000000	150.000000	0.000000	255.000000	150.000000	150.000000	
150.000000	150.000000	150.000000	150.000000	0.000000	255.000000	150.000000	150.000000	
150.000000	150.000000	150.000000	150.000000	150.000000	150.000000	150.000000	150.000000	
150.000000	150.000000	150.000000	150.000000	150.000000	150.000000	150.000000	150.000000	
150.000000	150.000000	150.000000	150.000000	150.000000	150.000000	150.000000	150.000000	
150.000000	150.000000	150.000000	150.000000	150.000000	150.000000	150.000000	150.000000	

Basis Image: 24
150.000000	150.000000	150.000000	150.000000	150.000000	150.000000	255.000000	0.000000	
150.000000	150.000000	150.000000	150.000000	150.000000	150.000000	255.000000	0.000000	
150.000000	150.000000	150.000000	150.000000	150.000000	150.000000	0.000000	255.000000	
150.000000	150.000000	150.000000	150.000000	150.000000	150.000000	0.000000	255.000000	
150.000000	150.000000	150.000000	150.000000	150.000000	150.000000	150.000000	150.000000	
150.000000	150.000000	150.000000	150.000000	150.000000	150.000000	150.000000	150.000000	
150.000000	150.000000	150.000000	150.000000	150.000000	150.000000	150.000000	150.000000	
150.000000	150.000000	150.000000	150.000000	150.000000	150.000000	150.000000	150.000000	

Basis Image: 25
150.000000	150.000000	150.000000	150.000000	150.000000	150.000000	150.000000	150.000000	
150.000000	150.000000	150.000000	150.000000	150.000000	150.000000	150.000000	150.000000	
150.000000	150.000000	150.000000	150.000000	150.000000	150.000000	150.000000	150.000000	
150.000000	150.000000	150.000000	150.000000	150.000000	150.000000	150.000000	150.000000	
255.000000	255.000000	255.000000	255.000000	255.000000	255.000000	255.000000	255.000000	
255.000000	255.000000	255.000000	255.000000	255.000000	255.000000	255.000000	255.000000	
0.000000	0.000000	0.000000	0.000000	0.000000	0.000000	0.000000	0.000000	
0.000000	0.000000	0.000000	0.000000	0.000000	0.000000	0.000000	0.000000	

Basis Image: 26
150.000000	150.000000	150.000000	150.000000	150.000000	150.000000	150.000000	150.000000	
150.000000	150.000000	150.000000	150.000000	150.000000	150.000000	150.000000	150.000000	
150.000000	150.000000	150.000000	150.000000	150.000000	150.000000	150.000000	150.000000	
150.000000	150.000000	150.000000	150.000000	150.000000	150.000000	150.000000	150.000000	
255.000000	255.000000	255.000000	255.000000	0.000000	0.000000	0.000000	0.000000	
255.000000	255.000000	255.000000	255.000000	0.000000	0.000000	0.000000	0.000000	
0.000000	0.000000	0.000000	0.000000	255.000000	255.000000	255.000000	255.000000	
0.000000	0.000000	0.000000	0.000000	255.000000	255.000000	255.000000	255.000000	

Basis Image: 27
150.000000	150.000000	150.000000	150.000000	150.000000	150.000000	150.000000	150.000000	
150.000000	150.000000	150.000000	150.000000	150.000000	150.000000	150.000000	150.000000	
150.000000	150.000000	150.000000	150.000000	150.000000	150.000000	150.000000	150.000000	
150.000000	150.000000	150.000000	150.000000	150.000000	150.000000	150.000000	150.000000	
255.000000	255.000000	0.000000	0.000000	150.000000	150.000000	150.000000	150.000000	
255.000000	255.000000	0.000000	0.000000	150.000000	150.000000	150.000000	150.000000	
0.000000	0.000000	255.000000	255.000000	150.000000	150.000000	150.000000	150.000000	
0.000000	0.000000	255.000000	255.000000	150.000000	150.000000	150.000000	150.000000	

Basis Image: 28
150.000000	150.000000	150.000000	150.000000	150.000000	150.000000	150.000000	150.000000	
150.000000	150.000000	150.000000	150.000000	150.000000	150.000000	150.000000	150.000000	
150.000000	150.000000	150.000000	150.000000	150.000000	150.000000	150.000000	150.000000	
150.000000	150.000000	150.000000	150.000000	150.000000	150.000000	150.000000	150.000000	
150.000000	150.000000	150.000000	150.000000	255.000000	255.000000	0.000000	0.000000	
150.000000	150.000000	150.000000	150.000000	255.000000	255.000000	0.000000	0.000000	
150.000000	150.000000	150.000000	150.000000	0.000000	0.000000	255.000000	255.000000	
150.000000	150.000000	150.000000	150.000000	0.000000	0.000000	255.000000	255.000000	

Basis Image: 29
150.000000	150.000000	150.000000	150.000000	150.000000	150.000000	150.000000	150.000000	
150.000000	150.000000	150.000000	150.000000	150.000000	150.000000	150.000000	150.000000	
150.000000	150.000000	150.000000	150.000000	150.000000	150.000000	150.000000	150.000000	
150.000000	150.000000	150.000000	150.000000	150.000000	150.000000	150.000000	150.000000	
255.000000	0.000000	150.000000	150.000000	150.000000	150.000000	150.000000	150.000000	
255.000000	0.000000	150.000000	150.000000	150.000000	150.000000	150.000000	150.000000	
0.000000	255.000000	150.000000	150.000000	150.000000	150.000000	150.000000	150.000000	
0.000000	255.000000	150.000000	150.000000	150.000000	150.000000	150.000000	150.000000	

Basis Image: 30
150.000000	150.000000	150.000000	150.000000	150.000000	150.000000	150.000000	150.000000	
150.000000	150.000000	150.000000	150.000000	150.000000	150.000000	150.000000	150.000000	
150.000000	150.000000	150.000000	150.000000	150.000000	150.000000	150.000000	150.000000	
150.000000	150.000000	150.000000	150.000000	150.000000	150.000000	150.000000	150.000000	
150.000000	150.000000	255.000000	0.000000	150.000000	150.000000	150.000000	150.000000	
150.000000	150.000000	255.000000	0.000000	150.000000	150.000000	150.000000	150.000000	
150.000000	150.000000	0.000000	255.000000	150.000000	150.000000	150.000000	150.000000	
150.000000	150.000000	0.000000	255.000000	150.000000	150.000000	150.000000	150.000000	

Basis Image: 31
150.000000	150.000000	150.000000	150.000000	150.000000	150.000000	150.000000	150.000000	
150.000000	150.000000	150.000000	150.000000	150.000000	150.000000	150.000000	150.000000	
150.000000	150.000000	150.000000	150.000000	150.000000	150.000000	150.000000	150.000000	
150.000000	150.000000	150.000000	150.000000	150.000000	150.000000	150.000000	150.000000	
150.000000	150.000000	150.000000	150.000000	255.000000	0.000000	150.000000	150.000000	
150.000000	150.000000	150.000000	150.000000	255.000000	0.000000	150.000000	150.000000	
150.000000	150.000000	150.000000	150.000000	0.000000	255.000000	150.000000	150.000000	
150.000000	150.000000	150.000000	150.000000	0.000000	255.000000	150.000000	150.000000	

Basis Image: 32
150.000000	150.000000	150.000000	150.000000	150.000000	150.000000	150.000000	150.000000	
150.000000	150.000000	150.000000	150.000000	150.000000	150.000000	150.000000	150.000000	
150.000000	150.000000	150.000000	150.000000	150.000000	150.000000	150.000000	150.000000	
150.000000	150.000000	150.000000	150.000000	150.000000	150.000000	150.000000	150.000000	
150.000000	150.000000	150.000000	150.000000	150.000000	150.000000	255.000000	0.000000	
150.000000	150.000000	150.000000	150.000000	150.000000	150.000000	255.000000	0.000000	
150.000000	150.000000	150.000000	150.000000	150.000000	150.000000	0.000000	255.000000	
150.000000	150.000000	150.000000	150.000000	150.000000	150.000000	0.000000	255.000000	

Basis Image: 33
255.000000	255.000000	255.000000	255.000000	255.000000	255.000000	255.000000	255.000000	
0.000000	0.000000	0.000000	0.000000	0.000000	0.000000	0.000000	0.000000	
150.000000	150.000000	150.000000	150.000000	150.000000	150.000000	150.000000	150.000000	
150.000000	150.000000	150.000000	150.000000	150.000000	150.000000	150.000000	150.000000	
150.000000	150.000000	150.000000	150.000000	150.000000	150.000000	150.000000	150.000000	
150.000000	150.000000	150.000000	150.000000	150.000000	150.000000	150.000000	150.000000	
150.000000	150.000000	150.000000	150.000000	150.000000	150.000000	150.000000	150.000000	
150.000000	150.000000	150.000000	150.000000	150.000000	150.000000	150.000000	150.000000	

Basis Image: 34
255.000000	255.000000	255.000000	255.000000	0.000000	0.000000	0.000000	0.000000	
0.000000	0.000000	0.000000	0.000000	255.000000	255.000000	255.000000	255.000000	
150.000000	150.000000	150.000000	150.000000	150.000000	150.000000	150.000000	150.000000	
150.000000	150.000000	150.000000	150.000000	150.000000	150.000000	150.000000	150.000000	
150.000000	150.000000	150.000000	150.000000	150.000000	150.000000	150.000000	150.000000	
150.000000	150.000000	150.000000	150.000000	150.000000	150.000000	150.000000	150.000000	
150.000000	150.000000	150.000000	150.000000	150.000000	150.000000	150.000000	150.000000	
150.000000	150.000000	150.000000	150.000000	150.000000	150.000000	150.000000	150.000000	

Basis Image: 35
255.000000	255.000000	0.000000	0.000000	150.000000	150.000000	150.000000	150.000000	
0.000000	0.000000	255.000000	255.000000	150.000000	150.000000	150.000000	150.000000	
150.000000	150.000000	150.000000	150.000000	150.000000	150.000000	150.000000	150.000000	
150.000000	150.000000	150.000000	150.000000	150.000000	150.000000	150.000000	150.000000	
150.000000	150.000000	150.000000	150.000000	150.000000	150.000000	150.000000	150.000000	
150.000000	150.000000	150.000000	150.000000	150.000000	150.000000	150.000000	150.000000	
150.000000	150.000000	150.000000	150.000000	150.000000	150.000000	150.000000	150.000000	
150.000000	150.000000	150.000000	150.000000	150.000000	150.000000	150.000000	150.000000	

Basis Image: 36
150.000000	150.000000	150.000000	150.000000	255.000000	255.000000	0.000000	0.000000	
150.000000	150.000000	150.000000	150.000000	0.000000	0.000000	255.000000	255.000000	
150.000000	150.000000	150.000000	150.000000	150.000000	150.000000	150.000000	150.000000	
150.000000	150.000000	150.000000	150.000000	150.000000	150.000000	150.000000	150.000000	
150.000000	150.000000	150.000000	150.000000	150.000000	150.000000	150.000000	150.000000	
150.000000	150.000000	150.000000	150.000000	150.000000	150.000000	150.000000	150.000000	
150.000000	150.000000	150.000000	150.000000	150.000000	150.000000	150.000000	150.000000	
150.000000	150.000000	150.000000	150.000000	150.000000	150.000000	150.000000	150.000000	

Basis Image: 37
255.000000	0.000000	150.000000	150.000000	150.000000	150.000000	150.000000	150.000000	
0.000000	255.000000	150.000000	150.000000	150.000000	150.000000	150.000000	150.000000	
150.000000	150.000000	150.000000	150.000000	150.000000	150.000000	150.000000	150.000000	
150.000000	150.000000	150.000000	150.000000	150.000000	150.000000	150.000000	150.000000	
150.000000	150.000000	150.000000	150.000000	150.000000	150.000000	150.000000	150.000000	
150.000000	150.000000	150.000000	150.000000	150.000000	150.000000	150.000000	150.000000	
150.000000	150.000000	150.000000	150.000000	150.000000	150.000000	150.000000	150.000000	
150.000000	150.000000	150.000000	150.000000	150.000000	150.000000	150.000000	150.000000	

Basis Image: 38
150.000000	150.000000	255.000000	0.000000	150.000000	150.000000	150.000000	150.000000	
150.000000	150.000000	0.000000	255.000000	150.000000	150.000000	150.000000	150.000000	
150.000000	150.000000	150.000000	150.000000	150.000000	150.000000	150.000000	150.000000	
150.000000	150.000000	150.000000	150.000000	150.000000	150.000000	150.000000	150.000000	
150.000000	150.000000	150.000000	150.000000	150.000000	150.000000	150.000000	150.000000	
150.000000	150.000000	150.000000	150.000000	150.000000	150.000000	150.000000	150.000000	
150.000000	150.000000	150.000000	150.000000	150.000000	150.000000	150.000000	150.000000	
150.000000	150.000000	150.000000	150.000000	150.000000	150.000000	150.000000	150.000000	

Basis Image: 39
150.000000	150.000000	150.000000	150.000000	255.000000	0.000000	150.000000	150.000000	
150.000000	150.000000	150.000000	150.000000	0.000000	255.000000	150.000000	150.000000	
150.000000	150.000000	150.000000	150.000000	150.000000	150.000000	150.000000	150.000000	
150.000000	150.000000	150.000000	150.000000	150.000000	150.000000	150.000000	150.000000	
150.000000	150.000000	150.000000	150.000000	150.000000	150.000000	150.000000	150.000000	
150.000000	150.000000	150.000000	150.000000	150.000000	150.000000	150.000000	150.000000	
150.000000	150.000000	150.000000	150.000000	150.000000	150.000000	150.000000	150.000000	
150.000000	150.000000	150.000000	150.000000	150.000000	150.000000	150.000000	150.000000	

Basis Image: 40
150.000000	150.000000	150.000000	150.000000	150.000000	150.000000	255.000000	0.000000	
150.000000	150.000000	150.000000	150.000000	150.000000	150.000000	0.000000	255.000000	
150.000000	150.000000	150.000000	150.000000	150.000000	150.000000	150.000000	150.000000	
150.000000	150.000000	150.000000	150.000000	150.000000	150.000000	150.000000	150.000000	
150.000000	150.000000	150.000000	150.000000	150.000000	150.000000	150.000000	150.000000	
150.000000	150.000000	150.000000	150.000000	150.000000	150.000000	150.000000	150.000000	
150.000000	150.000000	150.000000	150.000000	150.000000	150.000000	150.000000	150.000000	
150.000000	150.000000	150.000000	150.000000	150.000000	150.000000	150.000000	150.000000	

Basis Image: 41
150.000000	150.000000	150.000000	150.000000	150.000000	150.000000	150.000000	150.000000	
150.000000	150.000000	150.000000	150.000000	150.000000	150.000000	150.000000	150.000000	
255.000000	255.000000	255.000000	255.000000	255.000000	255.000000	255.000000	255.000000	
0.000000	0.000000	0.000000	0.000000	0.000000	0.000000	0.000000	0.000000	
150.000000	150.000000	150.000000	150.000000	150.000000	150.000000	150.000000	150.000000	
150.000000	150.000000	150.000000	150.000000	150.000000	150.000000	150.000000	150.000000	
150.000000	150.000000	150.000000	150.000000	150.000000	150.000000	150.000000	150.000000	
150.000000	150.000000	150.000000	150.000000	150.000000	150.000000	150.000000	150.000000	

Basis Image: 42
150.000000	150.000000	150.000000	150.000000	150.000000	150.000000	150.000000	150.000000	
150.000000	150.000000	150.000000	150.000000	150.000000	150.000000	150.000000	150.000000	
255.000000	255.000000	255.000000	255.000000	0.000000	0.000000	0.000000	0.000000	
0.000000	0.000000	0.000000	0.000000	255.000000	255.000000	255.000000	255.000000	
150.000000	150.000000	150.000000	150.000000	150.000000	150.000000	150.000000	150.000000	
150.000000	150.000000	150.000000	150.000000	150.000000	150.000000	150.000000	150.000000	
150.000000	150.000000	150.000000	150.000000	150.000000	150.000000	150.000000	150.000000	
150.000000	150.000000	150.000000	150.000000	150.000000	150.000000	150.000000	150.000000	

Basis Image: 43
150.000000	150.000000	150.000000	150.000000	150.000000	150.000000	150.000000	150.000000	
150.000000	150.000000	150.000000	150.000000	150.000000	150.000000	150.000000	150.000000	
255.000000	255.000000	0.000000	0.000000	150.000000	150.000000	150.000000	150.000000	
0.000000	0.000000	255.000000	255.000000	150.000000	150.000000	150.000000	150.000000	
150.000000	150.000000	150.000000	150.000000	150.000000	150.000000	150.000000	150.000000	
150.000000	150.000000	150.000000	150.000000	150.000000	150.000000	150.000000	150.000000	
150.000000	150.000000	150.000000	150.000000	150.000000	150.000000	150.000000	150.000000	
150.000000	150.000000	150.000000	150.000000	150.000000	150.000000	150.000000	150.000000	

Basis Image: 44
150.000000	150.000000	150.000000	150.000000	150.000000	150.000000	150.000000	150.000000	
150.000000	150.000000	150.000000	150.000000	150.000000	150.000000	150.000000	150.000000	
150.000000	150.000000	150.000000	150.000000	255.000000	255.000000	0.000000	0.000000	
150.000000	150.000000	150.000000	150.000000	0.000000	0.000000	255.000000	255.000000	
150.000000	150.000000	150.000000	150.000000	150.000000	150.000000	150.000000	150.000000	
150.000000	150.000000	150.000000	150.000000	150.000000	150.000000	150.000000	150.000000	
150.000000	150.000000	150.000000	150.000000	150.000000	150.000000	150.000000	150.000000	
150.000000	150.000000	150.000000	150.000000	150.000000	150.000000	150.000000	150.000000	

Basis Image: 45
150.000000	150.000000	150.000000	150.000000	150.000000	150.000000	150.000000	150.000000	
150.000000	150.000000	150.000000	150.000000	150.000000	150.000000	150.000000	150.000000	
255.000000	0.000000	150.000000	150.000000	150.000000	150.000000	150.000000	150.000000	
0.000000	255.000000	150.000000	150.000000	150.000000	150.000000	150.000000	150.000000	
150.000000	150.000000	150.000000	150.000000	150.000000	150.000000	150.000000	150.000000	
150.000000	150.000000	150.000000	150.000000	150.000000	150.000000	150.000000	150.000000	
150.000000	150.000000	150.000000	150.000000	150.000000	150.000000	150.000000	150.000000	
150.000000	150.000000	150.000000	150.000000	150.000000	150.000000	150.000000	150.000000	

Basis Image: 46
150.000000	150.000000	150.000000	150.000000	150.000000	150.000000	150.000000	150.000000	
150.000000	150.000000	150.000000	150.000000	150.000000	150.000000	150.000000	150.000000	
150.000000	150.000000	255.000000	0.000000	150.000000	150.000000	150.000000	150.000000	
150.000000	150.000000	0.000000	255.000000	150.000000	150.000000	150.000000	150.000000	
150.000000	150.000000	150.000000	150.000000	150.000000	150.000000	150.000000	150.000000	
150.000000	150.000000	150.000000	150.000000	150.000000	150.000000	150.000000	150.000000	
150.000000	150.000000	150.000000	150.000000	150.000000	150.000000	150.000000	150.000000	
150.000000	150.000000	150.000000	150.000000	150.000000	150.000000	150.000000	150.000000	

Basis Image: 47
150.000000	150.000000	150.000000	150.000000	150.000000	150.000000	150.000000	150.000000	
150.000000	150.000000	150.000000	150.000000	150.000000	150.000000	150.000000	150.000000	
150.000000	150.000000	150.000000	150.000000	255.000000	0.000000	150.000000	150.000000	
150.000000	150.000000	150.000000	150.000000	0.000000	255.000000	150.000000	150.000000	
150.000000	150.000000	150.000000	150.000000	150.000000	150.000000	150.000000	150.000000	
150.000000	150.000000	150.000000	150.000000	150.000000	150.000000	150.000000	150.000000	
150.000000	150.000000	150.000000	150.000000	150.000000	150.000000	150.000000	150.000000	
150.000000	150.000000	150.000000	150.000000	150.000000	150.000000	150.000000	150.000000	

Basis Image: 48
150.000000	150.000000	150.000000	150.000000	150.000000	150.000000	150.000000	150.000000	
150.000000	150.000000	150.000000	150.000000	150.000000	150.000000	150.000000	150.000000	
150.000000	150.000000	150.000000	150.000000	150.000000	150.000000	255.000000	0.000000	
150.000000	150.000000	150.000000	150.000000	150.000000	150.000000	0.000000	255.000000	
150.000000	150.000000	150.000000	150.000000	150.000000	150.000000	150.000000	150.000000	
150.000000	150.000000	150.000000	150.000000	150.000000	150.000000	150.000000	150.000000	
150.000000	150.000000	150.000000	150.000000	150.000000	150.000000	150.000000	150.000000	
150.000000	150.000000	150.000000	150.000000	150.000000	150.000000	150.000000	150.000000	

Basis Image: 49
150.000000	150.000000	150.000000	150.000000	150.000000	150.000000	150.000000	150.000000	
150.000000	150.000000	150.000000	150.000000	150.000000	150.000000	150.000000	150.000000	
150.000000	150.000000	150.000000	150.000000	150.000000	150.000000	150.000000	150.000000	
150.000000	150.000000	150.000000	150.000000	150.000000	150.000000	150.000000	150.000000	
255.000000	255.000000	255.000000	255.000000	255.000000	255.000000	255.000000	255.000000	
0.000000	0.000000	0.000000	0.000000	0.000000	0.000000	0.000000	0.000000	
150.000000	150.000000	150.000000	150.000000	150.000000	150.000000	150.000000	150.000000	
150.000000	150.000000	150.000000	150.000000	150.000000	150.000000	150.000000	150.000000	

Basis Image: 50
150.000000	150.000000	150.000000	150.000000	150.000000	150.000000	150.000000	150.000000	
150.000000	150.000000	150.000000	150.000000	150.000000	150.000000	150.000000	150.000000	
150.000000	150.000000	150.000000	150.000000	150.000000	150.000000	150.000000	150.000000	
150.000000	150.000000	150.000000	150.000000	150.000000	150.000000	150.000000	150.000000	
255.000000	255.000000	255.000000	255.000000	0.000000	0.000000	0.000000	0.000000	
0.000000	0.000000	0.000000	0.000000	255.000000	255.000000	255.000000	255.000000	
150.000000	150.000000	150.000000	150.000000	150.000000	150.000000	150.000000	150.000000	
150.000000	150.000000	150.000000	150.000000	150.000000	150.000000	150.000000	150.000000	

Basis Image: 51
150.000000	150.000000	150.000000	150.000000	150.000000	150.000000	150.000000	150.000000	
150.000000	150.000000	150.000000	150.000000	150.000000	150.000000	150.000000	150.000000	
150.000000	150.000000	150.000000	150.000000	150.000000	150.000000	150.000000	150.000000	
150.000000	150.000000	150.000000	150.000000	150.000000	150.000000	150.000000	150.000000	
255.000000	255.000000	0.000000	0.000000	150.000000	150.000000	150.000000	150.000000	
0.000000	0.000000	255.000000	255.000000	150.000000	150.000000	150.000000	150.000000	
150.000000	150.000000	150.000000	150.000000	150.000000	150.000000	150.000000	150.000000	
150.000000	150.000000	150.000000	150.000000	150.000000	150.000000	150.000000	150.000000	

Basis Image: 52
150.000000	150.000000	150.000000	150.000000	150.000000	150.000000	150.000000	150.000000	
150.000000	150.000000	150.000000	150.000000	150.000000	150.000000	150.000000	150.000000	
150.000000	150.000000	150.000000	150.000000	150.000000	150.000000	150.000000	150.000000	
150.000000	150.000000	150.000000	150.000000	150.000000	150.000000	150.000000	150.000000	
150.000000	150.000000	150.000000	150.000000	255.000000	255.000000	0.000000	0.000000	
150.000000	150.000000	150.000000	150.000000	0.000000	0.000000	255.000000	255.000000	
150.000000	150.000000	150.000000	150.000000	150.000000	150.000000	150.000000	150.000000	
150.000000	150.000000	150.000000	150.000000	150.000000	150.000000	150.000000	150.000000	

Basis Image: 53
150.000000	150.000000	150.000000	150.000000	150.000000	150.000000	150.000000	150.000000	
150.000000	150.000000	150.000000	150.000000	150.000000	150.000000	150.000000	150.000000	
150.000000	150.000000	150.000000	150.000000	150.000000	150.000000	150.000000	150.000000	
150.000000	150.000000	150.000000	150.000000	150.000000	150.000000	150.000000	150.000000	
255.000000	0.000000	150.000000	150.000000	150.000000	150.000000	150.000000	150.000000	
0.000000	255.000000	150.000000	150.000000	150.000000	150.000000	150.000000	150.000000	
150.000000	150.000000	150.000000	150.000000	150.000000	150.000000	150.000000	150.000000	
150.000000	150.000000	150.000000	150.000000	150.000000	150.000000	150.000000	150.000000	

Basis Image: 54
150.000000	150.000000	150.000000	150.000000	150.000000	150.000000	150.000000	150.000000	
150.000000	150.000000	150.000000	150.000000	150.000000	150.000000	150.000000	150.000000	
150.000000	150.000000	150.000000	150.000000	150.000000	150.000000	150.000000	150.000000	
150.000000	150.000000	150.000000	150.000000	150.000000	150.000000	150.000000	150.000000	
150.000000	150.000000	255.000000	0.000000	150.000000	150.000000	150.000000	150.000000	
150.000000	150.000000	0.000000	255.000000	150.000000	150.000000	150.000000	150.000000	
150.000000	150.000000	150.000000	150.000000	150.000000	150.000000	150.000000	150.000000	
150.000000	150.000000	150.000000	150.000000	150.000000	150.000000	150.000000	150.000000	

Basis Image: 55
150.000000	150.000000	150.000000	150.000000	150.000000	150.000000	150.000000	150.000000	
150.000000	150.000000	150.000000	150.000000	150.000000	150.000000	150.000000	150.000000	
150.000000	150.000000	150.000000	150.000000	150.000000	150.000000	150.000000	150.000000	
150.000000	150.000000	150.000000	150.000000	150.000000	150.000000	150.000000	150.000000	
150.000000	150.000000	150.000000	150.000000	255.000000	0.000000	150.000000	150.000000	
150.000000	150.000000	150.000000	150.000000	0.000000	255.000000	150.000000	150.000000	
150.000000	150.000000	150.000000	150.000000	150.000000	150.000000	150.000000	150.000000	
150.000000	150.000000	150.000000	150.000000	150.000000	150.000000	150.000000	150.000000	

Basis Image: 56
150.000000	150.000000	150.000000	150.000000	150.000000	150.000000	150.000000	150.000000	
150.000000	150.000000	150.000000	150.000000	150.000000	150.000000	150.000000	150.000000	
150.000000	150.000000	150.000000	150.000000	150.000000	150.000000	150.000000	150.000000	
150.000000	150.000000	150.000000	150.000000	150.000000	150.000000	150.000000	150.000000	
150.000000	150.000000	150.000000	150.000000	150.000000	150.000000	255.000000	0.000000	
150.000000	150.000000	150.000000	150.000000	150.000000	150.000000	0.000000	255.000000	
150.000000	150.000000	150.000000	150.000000	150.000000	150.000000	150.000000	150.000000	
150.000000	150.000000	150.000000	150.000000	150.000000	150.000000	150.000000	150.000000	

Basis Image: 57
150.000000	150.000000	150.000000	150.000000	150.000000	150.000000	150.000000	150.000000	
150.000000	150.000000	150.000000	150.000000	150.000000	150.000000	150.000000	150.000000	
150.000000	150.000000	150.000000	150.000000	150.000000	150.000000	150.000000	150.000000	
150.000000	150.000000	150.000000	150.000000	150.000000	150.000000	150.000000	150.000000	
150.000000	150.000000	150.000000	150.000000	150.000000	150.000000	150.000000	150.000000	
150.000000	150.000000	150.000000	150.000000	150.000000	150.000000	150.000000	150.000000	
255.000000	255.000000	255.000000	255.000000	255.000000	255.000000	255.000000	255.000000	
0.000000	0.000000	0.000000	0.000000	0.000000	0.000000	0.000000	0.000000	

Basis Image: 58
150.000000	150.000000	150.000000	150.000000	150.000000	150.000000	150.000000	150.000000	
150.000000	150.000000	150.000000	150.000000	150.000000	150.000000	150.000000	150.000000	
150.000000	150.000000	150.000000	150.000000	150.000000	150.000000	150.000000	150.000000	
150.000000	150.000000	150.000000	150.000000	150.000000	150.000000	150.000000	150.000000	
150.000000	150.000000	150.000000	150.000000	150.000000	150.000000	150.000000	150.000000	
150.000000	150.000000	150.000000	150.000000	150.000000	150.000000	150.000000	150.000000	
255.000000	255.000000	255.000000	255.000000	0.000000	0.000000	0.000000	0.000000	
0.000000	0.000000	0.000000	0.000000	255.000000	255.000000	255.000000	255.000000	

Basis Image: 59
150.000000	150.000000	150.000000	150.000000	150.000000	150.000000	150.000000	150.000000	
150.000000	150.000000	150.000000	150.000000	150.000000	150.000000	150.000000	150.000000	
150.000000	150.000000	150.000000	150.000000	150.000000	150.000000	150.000000	150.000000	
150.000000	150.000000	150.000000	150.000000	150.000000	150.000000	150.000000	150.000000	
150.000000	150.000000	150.000000	150.000000	150.000000	150.000000	150.000000	150.000000	
150.000000	150.000000	150.000000	150.000000	150.000000	150.000000	150.000000	150.000000	
255.000000	255.000000	0.000000	0.000000	150.000000	150.000000	150.000000	150.000000	
0.000000	0.000000	255.000000	255.000000	150.000000	150.000000	150.000000	150.000000	

Basis Image: 60
150.000000	150.000000	150.000000	150.000000	150.000000	150.000000	150.000000	150.000000	
150.000000	150.000000	150.000000	150.000000	150.000000	150.000000	150.000000	150.000000	
150.000000	150.000000	150.000000	150.000000	150.000000	150.000000	150.000000	150.000000	
150.000000	150.000000	150.000000	150.000000	150.000000	150.000000	150.000000	150.000000	
150.000000	150.000000	150.000000	150.000000	150.000000	150.000000	150.000000	150.000000	
150.000000	150.000000	150.000000	150.000000	150.000000	150.000000	150.000000	150.000000	
150.000000	150.000000	150.000000	150.000000	255.000000	255.000000	0.000000	0.000000	
150.000000	150.000000	150.000000	150.000000	0.000000	0.000000	255.000000	255.000000	

Basis Image: 61
150.000000	150.000000	150.000000	150.000000	150.000000	150.000000	150.000000	150.000000	
150.000000	150.000000	150.000000	150.000000	150.000000	150.000000	150.000000	150.000000	
150.000000	150.000000	150.000000	150.000000	150.000000	150.000000	150.000000	150.000000	
150.000000	150.000000	150.000000	150.000000	150.000000	150.000000	150.000000	150.000000	
150.000000	150.000000	150.000000	150.000000	150.000000	150.000000	150.000000	150.000000	
150.000000	150.000000	150.000000	150.000000	150.000000	150.000000	150.000000	150.000000	
255.000000	0.000000	150.000000	150.000000	150.000000	150.000000	150.000000	150.000000	
0.000000	255.000000	150.000000	150.000000	150.000000	150.000000	150.000000	150.000000	

Basis Image: 62
150.000000	150.000000	150.000000	150.000000	150.000000	150.000000	150.000000	150.000000	
150.000000	150.000000	150.000000	150.000000	150.000000	150.000000	150.000000	150.000000	
150.000000	150.000000	150.000000	150.000000	150.000000	150.000000	150.000000	150.000000	
150.000000	150.000000	150.000000	150.000000	150.000000	150.000000	150.000000	150.000000	
150.000000	150.000000	150.000000	150.000000	150.000000	150.000000	150.000000	150.000000	
150.000000	150.000000	150.000000	150.000000	150.000000	150.000000	150.000000	150.000000	
150.000000	150.000000	255.000000	0.000000	150.000000	150.000000	150.000000	150.000000	
150.000000	150.000000	0.000000	255.000000	150.000000	150.000000	150.000000	150.000000	

Basis Image: 63
150.000000	150.000000	150.000000	150.000000	150.000000	150.000000	150.000000	150.000000	
150.000000	150.000000	150.000000	150.000000	150.000000	150.000000	150.000000	150.000000	
150.000000	150.000000	150.000000	150.000000	150.000000	150.000000	150.000000	150.000000	
150.000000	150.000000	150.000000	150.000000	150.000000	150.000000	150.000000	150.000000	
150.000000	150.000000	150.000000	150.000000	150.000000	150.000000	150.000000	150.000000	
150.000000	150.000000	150.000000	150.000000	150.000000	150.000000	150.000000	150.000000	
150.000000	150.000000	150.000000	150.000000	255.000000	0.000000	150.000000	150.000000	
150.000000	150.000000	150.000000	150.000000	0.000000	255.000000	150.000000	150.000000	

Basis Image: 64
150.000000	150.000000	150.000000	150.000000	150.000000	150.000000	150.000000	150.000000	
150.000000	150.000000	150.000000	150.000000	150.000000	150.000000	150.000000	150.000000	
150.000000	150.000000	150.000000	150.000000	150.000000	150.000000	150.000000	150.000000	
150.000000	150.000000	150.000000	150.000000	150.000000	150.000000	150.000000	150.000000	
150.000000	150.000000	150.000000	150.000000	150.000000	150.000000	150.000000	150.000000	
150.000000	150.000000	150.000000	150.000000	150.000000	150.000000	150.000000	150.000000	
150.000000	150.000000	150.000000	150.000000	150.000000	150.000000	255.000000	0.000000	
150.000000	150.000000	150.000000	150.000000	150.000000	150.000000	0.000000	255.000000	
