0 7
1 7
2 6
3 5
4 3
5 6
6 9
7 20
8 71
9 262
10 320
11 547
12 576
13 522
14 415
15 429
16 337
17 247
18 264
19 489
20 495
21 403
22 477
23 571
24 752
25 813
26 675
27 932
28 860
29 888
30 994
31 968
32 591
33 920
34 620
35 1173
36 1277
37 929
38 922
39 1012
40 1146
41 969
42 642
43 892
44 868
45 848
46 748
47 749
48 326
49 606
50 394
51 735
52 802
53 599
54 640
55 681
56 726
57 656
58 481
59 573
60 635
61 526
62 526
63 561
64 532
65 645
66 415
67 537
68 582
69 386
70 438
71 512
72 550
73 516
74 383
75 490
76 515
77 441
78 473
79 455
80 200
81 414
82 274
83 570
84 574
85 446
86 454
87 566
88 624
89 541
90 475
91 616
92 588
93 641
94 570
95 616
96 431
97 577
98 409
99 694
100 729
101 606
102 600
103 805
104 891
105 826
106 662
107 941
108 960
109 887
110 876
111 928
112 522
113 766
114 500
115 912
116 1039
117 920
118 940
119 1159
120 1433
121 1202
122 960
123 1264
124 1426
125 1531
126 1396
127 1632
128 2560
129 2320
130 1896
131 2273
132 2738
133 2231
134 2519
135 3166
136 3481
137 4033
138 2907
139 4054
140 4483
141 4496
142 4467
143 4938
144 3449
145 3460
146 3252
147 5677
148 5796
149 4464
150 4730
151 5103
152 5579
153 5213
154 3578
155 4328
156 4404
157 4029
158 3661
159 3520
160 2382
161 2662
162 1819
163 3117
164 3015
165 2165
166 2288
167 2325
168 2432
169 2222
170 1514
171 1862
172 1747
173 1623
174 1335
175 1302
176 816
177 697
178 611
179 955
180 933
181 685
182 761
183 729
184 787
185 672
186 471
187 613
188 608
189 549
190 505
191 515
192 547
193 454
194 279
195 443
196 397
197 281
198 288
199 351
200 352
201 336
202 219
203 284
204 296
205 275
206 239
207 253
208 135
209 208
210 186
211 351
212 353
213 298
214 335
215 390
216 406
217 422
218 315
219 394
220 378
221 348
222 325
223 244
224 152
225 222
226 122
227 209
228 166
229 128
230 116
231 66
232 92
233 63
234 51
235 35
236 37
237 28
238 28
239 20
240 12
241 10
242 7
243 16
244 9
245 9
246 4
247 8
248 7
249 3
250 3
251 5
252 3
253 1
254 0
255 2
