0 0
1 716
2 1123
3 937
4 1277
5 984
6 880
7 571
8 1565
9 675
10 932
11 860
12 888
13 994
14 1559
15 920
16 620
17 1173
18 1277
19 929
20 922
21 1012
22 1146
23 1611
24 892
25 868
26 848
27 1497
28 932
29 1129
30 802
31 1239
32 681
33 1382
34 1054
35 635
36 1052
37 1093
38 1060
39 1119
40 824
41 1062
42 1389
43 956
44 1128
45 688
46 1144
47 900
48 1190
49 1016
50 1204
51 641
52 1186
53 1008
54 1103
55 729
56 1206
57 805
58 891
59 1488
60 941
61 960
62 887
63 876
64 1450
65 1266
66 912
67 1039
68 920
69 940
70 1159
71 0
72 1433
73 1202
74 960
75 1264
76 1426
77 0
78 1531
79 1396
80 0
81 1632
82 0
83 2560
84 0
85 0
86 2320
87 1896
88 0
89 0
90 2273
91 0
92 2738
93 0
94 2231
95 0
96 0
97 2519
98 0
99 0
100 3166
101 0
102 0
103 3481
104 0
105 0
106 0
107 4033
108 0
109 0
110 2907
111 0
112 0
113 0
114 4054
115 0
116 0
117 0
118 4483
119 0
120 0
121 0
122 0
123 4496
124 0
125 0
126 0
127 4467
128 0
129 0
130 0
131 0
132 4938
133 0
134 0
135 3449
136 0
137 0
138 0
139 3460
140 0
141 0
142 3252
143 0
144 0
145 0
146 0
147 5677
148 0
149 0
150 0
151 0
152 0
153 5796
154 0
155 0
156 0
157 4464
158 0
159 0
160 0
161 0
162 4730
163 0
164 0
165 0
166 0
167 5103
168 0
169 0
170 0
171 0
172 5579
173 0
174 0
175 0
176 0
177 5213
178 0
179 0
180 0
181 3578
182 0
183 0
184 0
185 4328
186 0
187 0
188 0
189 4404
190 0
191 0
192 0
193 4029
194 0
195 0
196 0
197 3661
198 0
199 0
200 3520
201 0
202 0
203 2382
204 0
205 2662
206 0
207 1819
208 0
209 0
210 3117
211 0
212 0
213 3015
214 0
215 2165
216 0
217 2288
218 0
219 0
220 2325
221 0
222 2432
223 0
224 2222
225 0
226 1514
227 1862
228 0
229 1747
230 0
231 1623
232 1335
233 1302
234 816
235 1308
236 955
237 933
238 685
239 1490
240 787
241 1143
242 1221
243 1054
244 1062
245 1176
246 966
247 1039
248 1074
249 1021
250 1002
251 725
252 1143
253 1120
254 1065
255 1138
